SunOS wcs01 5.10 Generic_142900-07 sun4u    09/14/2014

00:00:02    %usr    %sys    %wio   %idle
00:05:03      23      13       0      64
00:10:04      23      13       0      64
00:15:01      22      13       0      65
00:20:02      26      14       0      60
00:25:04      27      14       0      59
00:30:02      19      10       0      71
00:35:03      33      14       0      53
00:40:04      17      11       0      73
00:45:02      18      10       0      73
00:50:03      19      11       0      70
00:55:04      30      15       0      55
01:00:02      25      12       0      63
01:05:03      32      15       0      54
01:10:05      31      15       0      54
01:15:01      29      13       0      58
01:20:02      24      12       0      65
01:25:03      26      12       0      63
01:30:01      18       9       0      73
01:35:02      21      11       0      69
01:40:03      14       8       0      78
01:45:01      12       5       0      84
01:50:02      10       7       0      83
01:55:03       7       6       0      87
02:00:02       8       5       0      87
02:05:03      10       5       0      85
02:10:04       9       5       0      85
02:15:02      16       5       0      78
02:20:03      12       5       0      83
02:25:03      16       5       0      79
02:30:02      13       5       0      82
02:35:03      16       6       0      78
02:40:04      13       5       0      82
02:45:01      14       4       0      81
02:50:02      15       7       0      79
02:55:03      15       5       0      81
03:00:01      13       5       0      82
03:05:02      14       5       0      81
03:10:03      10       4       0      86
03:15:02      21       9       0      70
03:20:03      20      11       0      70
03:25:04      14       7       0      79
03:30:01      12       6       0      82
03:35:02      13       7       0      80
03:40:03      13       6       0      81
03:45:01      21       7       0      72
03:50:04      22      12       0      66
03:55:06      34      21       0      45
04:00:01      31      21       0      48
04:05:03      33      18       0      49
04:10:05      36      22       0      41
04:15:06      34      21       0      45
04:20:07      30      20       0      50
04:25:09      32      21       0      48
04:30:03      25      18       0      57
04:35:04      29      19       0      52
04:40:06      26      18       0      56
04:45:03      28      18       0      53
04:50:05      23      18       0      60
04:55:07      33      22       0      45
05:00:04      26      19       0      55
05:05:08      27      20       0      52
05:10:10      27      21       0      52
05:15:02      27      19       0      54
05:20:03      27      19       0      54
05:25:04      23      16       0      61
05:30:03      29      17       0      54
05:35:04      28      16       0      57
05:40:05      10       6       0      84
05:45:02      20      12       0      68
05:50:03      21      14       0      65
05:55:05      25      17       0      59
06:00:04      20      14       0      66
06:05:06      29      15       0      56
06:10:07      32      12       0      56
06:15:02      32      10       0      58
06:20:03      30      11       0      60
06:25:04      28      10       0      62
06:30:03      33      10       0      57
06:35:04      28      10       0      62
06:40:05      22       7       0      71
06:45:02      21       9       0      70
06:50:03      26      11       0      63
06:55:04      18      10       0      71
07:00:03      17      10       0      73
07:05:04      24      11       0      65
07:10:05      21      11       0      68
07:15:01      22      10       0      67
07:20:02      14       7       0      79
07:25:03      12       6       0      82
07:30:02      12       8       0      80
07:35:03      25      12       0      63
07:40:05      31      16       0      54
07:45:02      42      22       0      35
07:50:05      53      31       0      16
07:55:06      43      25       0      32
08:00:04      30      16       0      53
08:05:05      32      14       0      54
08:10:06      47      19       0      33
08:15:03      50      23       0      27
08:20:05      31      14       0      55
08:25:06      27      12       0      61
08:30:07      39      21       0      41
08:35:17      61      23       0      16
08:40:18      54      18       0      28
08:45:04      50      21       0      29
08:50:05      33      18       0      49
08:55:06      22      16       0      63
09:00:06      27      19       0      54
09:05:07      40      24       0      36
09:10:08      33      20       0      47
09:15:01      37      17       0      47
09:20:03      33      18       0      49
09:25:04      33      13       0      54
09:30:01      25      11       0      64
09:35:02      30      11       0      58
09:40:03      28      11       0      61
09:45:01      24      10       0      65
09:50:02      31      13       0      56
09:55:03      30      16       0      54
10:00:03      20      12       0      68
10:05:04      24      16       0      59
10:10:06      23      14       0      63
10:15:02      28      15       0      58
10:20:03      29      16       0      55
10:25:04      36      16       0      48
10:30:03      23      14       0      62
10:35:04      34      15       0      51
10:40:05      20      10       0      70
10:45:02      30      17       0      53
10:50:03      23      12       0      66
10:55:04      39      15       0      46
11:00:01      25      16       0      60
11:05:02      38      22       0      40
11:10:05      35      21       0      44
11:15:02      30      16       0      54
11:20:03      37      25       0      38
11:25:05      43      23       0      34
11:30:04      35      20       0      45
11:35:10      46      25       0      29
11:40:12      33      20       0      48
11:45:01      41      25       0      35
11:50:03      41      27       0      32
11:55:04      46      31       0      23
12:00:07      44      31       0      25
12:05:14      55      35       0      10
12:10:20      55      37       0       9
12:15:06      57      34       0       9
12:20:07      36      26       0      38
12:25:12      58      35       0       7
12:30:08      52      30       0      18
12:35:13      62      34       0       3
12:40:16      50      28       0      23
12:45:03      48      24       0      27
12:50:07      46      25       0      29
12:55:09      53      24       0      23
13:00:03      38      18       0      44
13:05:11      37      18       0      45
13:10:12      32      16       0      52
13:15:02      39      18       0      43
13:20:04      43      22       0      36
13:25:05      46      23       0      31
13:30:07      43      21       0      36
13:35:13      58      28       0      15
13:40:17      59      28       0      13
13:45:03      55      26       0      20
13:50:10      52      28       0      20
13:55:13      59      29       0      12
14:00:08      49      27       0      23
14:05:16      64      30       0       5
14:10:24      60      32       0       8
14:15:05      67      30       0       3
14:20:08      61      29       0      10
14:25:10      55      31       0      15
14:30:05      53      27       0      20
14:35:14      52      28       0      20
14:40:16      45      23       0      31
14:45:03      46      23       0      31
14:50:04      41      23       0      37
14:55:06      48      24       0      28
15:00:05      34      19       0      47
15:05:06      47      23       0      30
15:10:07      41      22       0      36
15:15:04      53      24       0      23
15:20:05      41      21       0      37
15:25:07      50      22       0      28
15:30:04      39      21       0      40
15:35:05      47      23       0      30
15:40:06      40      22       0      38
15:45:03      52      25       0      23
15:50:08      46      23       0      31
15:55:09      49      24       0      28
16:00:03      41      20       0      39
16:05:08      43      24       0      33
16:10:10      40      21       0      39
16:15:03      44      21       0      35
16:20:04      37      21       0      43
16:25:06      43      22       0      35
16:30:03      32      18       0      50
16:35:05      39      21       0      40
16:40:06      32      20       0      49
16:45:02      34      16       0      50
16:50:03      35      18       0      47
16:55:04      33      18       0      49
17:00:02      27      15       0      58
17:05:03      40      16       0      45
17:10:04      42      14       0      44
17:15:02      34      13       0      53
17:20:03      32      14       0      53
17:25:04      29      11       0      60
17:30:01      23       9       0      68
17:35:02      35      11       0      53
17:40:04      36      11       0      54
17:45:04      61      17       0      22
17:50:07      61      21       0      18
17:55:09      61      23       0      16
18:00:04      59      23       0      18
18:05:11      62      25       0      13
18:10:14      60      23       0      17
18:15:04      63      24       0      13
18:20:09      67      25       0       8
18:25:12      68      25       0       7
18:30:12      68      30       0       2
18:35:21      63      34       0       3
18:40:23      47      31       0      22
18:45:12      63      31       0       6
18:50:17      68      31       0       2
18:55:23      69      30       0       0
19:00:22      68      30       0       2
19:05:31      69      30       0       1
19:10:37      68      28       0       4
19:15:10      53      21       0      26
19:20:11      50      18       0      32
19:25:12      42      15       0      42
19:30:02      34      12       0      54
19:35:03      31      12       0      57
19:40:04      30      12       0      59
19:45:01      38      12       0      50
19:50:02      38      14       0      48
19:55:03      41      15       0      43
20:00:04      33      15       0      52
20:05:06      38      21       0      41
20:10:07      28      14       0      59
20:15:02      30      17       0      53
20:20:04      36      23       0      41
20:25:05      41      25       0      34
20:30:03      29      18       0      52
20:35:04      29      17       0      54
20:40:06      29      19       0      52
20:45:02      32      17       0      51
20:50:03      26      15       0      58
20:55:04      33      20       0      47
21:00:03      29      16       0      56
21:05:07      38      19       0      43
21:10:08      37      17       0      45
21:15:02      38      17       0      45
21:20:03      41      19       0      40
21:25:05      40      20       0      40
21:30:04      29      16       0      55
21:35:06      28      16       0      56
21:40:07      27      17       0      56
21:45:01      30      15       0      55
21:50:03      28      15       0      57
21:55:04      31      17       0      52
22:00:04      30      16       0      55
22:05:07      32      16       0      52
22:10:08      30      15       0      55
22:15:03      28      15       0      57
22:20:04      31      17       0      52
22:25:07      38      19       0      43
22:30:03      31      16       0      53
22:35:04      29      14       0      56
22:40:05      28      16       0      57
22:45:02      25      13       0      62
22:50:03      25      16       0      60
22:55:04      41      22       0      37
23:00:03      37      21       0      43
23:05:05      48      23       0      29
23:10:06      37      20       0      43
23:15:02      37      18       0      45
23:20:03      38      20       0      43
23:25:04      42      21       0      38
23:30:02      34      19       0      48
23:35:04      32      17       0      51
23:40:04      28      18       0      54
23:45:02      17      10       0      73
23:50:03      15      12       0      73
23:55:03      15      11       0      74

Average       35      17       0      48
